N022001 = [
0,1,2
0,2,3
0,4,5
0,4,6
0,5,7
0,8,9
0,8,10
0,3,11
0,9,11
0,6,12
0,12,13
0,13,14
0,14,10
0,1,15
0,15,16
0,16,17
0,18,19
0,19,17
0,18,20
0,21,22
0,22,23
0,21,24
0,24,25
0,26,27
0,27,28
0,26,23
0,28,29
1,29,7
0,30,31
0,30,32
0,33,32
0,33,34
0,31,25
0,20,35
0,35,34
0,1,36
0,36,37
0,37,38
0,38,39
0,39,40
0,41,42
0,42,43
0,43,44
0,44,45
0,46,47
0,48,49
0,50,49
0,51,52
0,53,54
0,54,55
0,55,56
0,53,57
0,57,58
0,40,59
0,59,60
0,40,61
0,40,62
0,60,63
0,64,52
0,45,65
0,65,66
0,66,56
0,67,62
0,67,58
0,68,63
0,69,56
0,47,58
0,70,62
0,70,49
0,71,52
0,71,63
0,1,72
0,72,73
0,73,74
0,75,76
0,77,78
0,78,79
0,80,81
0,82,83
0,82,84
0,84,85
0,82,86
0,86,87
0,88,89
0,90,91
0,91,87
0,92,93
0,93,94
0,95,96
0,95,97
0,97,98
0,98,99
0,100,101
0,94,102
0,102,103
0,94,104
0,104,105
0,106,107
0,108,81
0,109,110
0,110,111
0,109,112
0,109,76
0,113,114
0,115,85
0,116,117
0,118,119
0,118,89
0,74,120
0,121,112
0,122,111
0,123,124
0,96,125
0,125,126
0,96,127
0,127,76
0,119,128
0,128,85
0,129,130
0,130,131
0,129,132
0,132,133
0,129,134
0,134,135
0,131,136
0,136,137
0,137,138
0,139,140
0,141,142
0,143,142
0,144,140
0,145,146
0,146,147
0,145,148
0,148,107
0,149,150
0,151,135
0,99,152
0,152,153
0,153,154
0,155,120
0,105,101
0,79,124
0,156,135
0,156,157
0,157,142
0,154,87
0,147,101
0,124,158
0,158,133
0,107,112
0,111,114
0,120,150
0,81,117
0,114,133
0,89,150
0,126,140
0,126,117
0,1,159
0,159,160
0,161,162
0,163,164
0,165,166
0,166,167
0,167,168
0,168,169
0,170,171
0,172,173
0,173,169
0,172,174
0,169,175
0,175,160
0,176,177
0,176,178
0,179,180
0,178,162
0,178,181
0,182,183
0,183,184
0,182,185
0,185,181
0,186,184
0,186,171
0,184,187
0,174,162
0,164,180
0,181,180
0,1,188
0,188,189
0,189,190
0,190,191
0,191,192
0,192,193
0,194,195
0,195,196
0,197,196
0,193,196
0,1,198
0,198,199
0,200,201
0,202,203
0,203,204
0,202,205
0,205,206
0,206,207
0,202,208
0,208,209
0,210,211
0,210,212
0,213,214
0,215,216
0,216,217
0,217,218
0,215,219
0,219,214
0,220,221
0,222,223
0,223,224
0,225,209
0,226,227
0,227,218
0,226,199
0,226,228
0,229,230
0,231,232
0,233,234
0,234,235
0,235,236
0,233,237
0,233,230
0,238,199
0,239,221
0,240,201
0,241,236
0,241,211
1,7,228
0,236,221
0,242,224
0,243,212
0,244,232
0,244,209
0,245,232
0,245,212
0,230,214
0,201,228
0,224,211
0,1,246
0,246,247
0,247,248
0,248,249
0,250,251
0,252,249
0,253,254
0,254,255
0,256,255
0,257,258
0,259,249
0,259,251
0,260,258
0,260,255
0,258,251
];
N022002 = [
0,1,2
0,2,3
0,3,4
0,4,5
0,5,6
0,6,7
0,8,9
0,9,7
0,1,10
0,10,11
0,11,12
0,13,14
0,13,15
0,15,16
0,16,17
0,17,18
0,18,19
0,13,20
0,20,21
0,22,23
0,24,25
0,25,26
0,26,27
0,24,28
0,12,29
0,12,30
0,30,31
0,23,32
0,32,33
0,33,34
0,34,35
0,36,21
0,37,38
0,37,39
0,39,40
0,40,35
0,38,41
0,27,42
0,42,43
0,43,19
0,44,31
0,41,28
0,45,46
0,45,21
0,46,31
0,1,47
0,47,48
0,49,50
0,49,51
0,52,53
0,54,55
0,54,56
0,57,58
0,59,60
0,60,61
0,61,62
0,59,63
0,59,64
0,64,65
0,65,66
0,66,67
0,67,68
0,69,70
0,69,71
0,69,72
0,69,73
0,74,72
0,75,76
0,76,73
0,77,78
0,70,79
0,79,58
0,63,80
0,80,81
0,63,82
0,48,83
0,83,84
0,84,85
0,86,53
0,85,87
0,85,78
0,88,71
0,89,90
0,91,92
0,93,94
0,95,96
0,96,82
0,97,82
0,98,81
0,90,99
0,100,81
0,100,101
0,101,99
0,51,94
0,102,71
0,102,94
0,68,78
0,92,99
0,56,73
0,72,99
0,53,103
0,103,58
0,1,104
0,105,106
0,105,107
0,107,108
0,109,110
0,111,112
0,112,113
0,113,104
0,111,114
0,115,116
0,115,106
0,117,118
0,119,120
0,121,122
0,122,123
0,114,124
0,124,118
0,125,120
0,125,108
0,123,126
0,110,108
0,120,127
0,127,126
0,118,126
0,1,128
0,128,129
0,130,131
0,130,132
0,133,134
0,134,129
0,133,135
0,135,136
0,133,137
0,137,138
0,139,140
0,140,129
0,136,141
0,132,142
0,132,138
0,1,143
0,143,144
0,144,145
0,145,146
0,146,147
0,148,149
0,148,150
0,151,152
0,151,153
0,151,154
0,154,155
0,155,156
0,156,147
0,152,150
0,152,157
0,153,158
0,159,160
0,161,162
0,162,163
0,164,165
0,165,166
0,166,167
0,167,168
0,147,169
0,170,168
0,170,160
0,168,171
0,163,157
0,160,157
0,1,172
0,172,173
0,174,175
0,174,176
0,176,177
0,178,179
0,180,175
0,180,181
0,182,183
0,183,184
0,182,185
0,186,187
0,186,188
0,188,179
0,189,179
0,189,190
0,191,190
0,191,192
0,192,173
0,193,187
0,179,194
0,194,195
0,195,196
0,196,177
0,181,197
0,197,184
0,185,198
0,173,199
0,200,177
0,1,201
0,201,202
0,203,204
0,205,206
0,207,208
0,209,210
0,209,211
0,211,212
0,209,213
0,213,214
0,215,212
0,216,208
0,217,218
0,219,220
0,220,221
0,222,223
0,222,224
0,224,225
0,225,226
0,227,228
0,229,230
0,229,231
0,223,232
0,232,233
0,233,234
0,223,235
0,235,212
0,223,236
0,236,237
0,237,238
0,238,239
0,239,240
0,240,241
0,241,242
0,243,244
0,245,246
0,247,248
0,249,250
0,251,252
0,253,226
0,254,255
0,256,234
0,257,258
0,257,259
0,257,260
0,260,252
0,221,255
0,261,202
0,262,263
0,264,208
0,265,266
0,267,242
0,202,268
0,269,270
0,259,271
0,259,272
0,272,255
0,273,274
0,274,275
0,276,218
0,277,246
0,277,250
0,278,268
0,279,228
0,279,244
0,279,280
0,280,281
0,281,282
0,282,283
0,283,206
0,263,284
0,275,214
0,231,270
0,285,208
0,285,248
0,228,204
0,252,284
0,204,246
0,218,234
0,244,270
0,206,284
0,266,250
0,266,242
0,248,214
0,268,226
0,1,286
0,286,287
0,288,289
0,288,290
0,291,290
0,291,292
0,292,293
0,289,294
0,294,295
0,287,296
0,296,293
0,1,297
0,297,298
0,1,299
0,299,300
0,300,301
0,301,302
0,1,303
0,303,304
0,305,306
0,307,308
0,309,310
0,309,311
0,312,304
0,313,311
0,314,315
0,315,316
0,317,318
0,319,320
0,321,322
0,323,322
0,324,325
0,326,327
0,328,329
0,330,331
0,332,333
0,334,316
0,335,336
0,337,338
0,339,340
0,341,342
0,343,344
1,171,345
0,346,345
0,347,310
0,327,325
0,348,349
0,348,350
0,351,350
0,351,306
0,352,331
0,352,353
0,320,354
0,349,304
0,355,356
0,355,344
0,338,353
0,357,329
0,357,318
0,310,354
0,340,350
0,340,329
0,316,306
0,356,342
0,356,322
0,345,333
0,336,308
0,336,344
0,354,308
0,333,353
0,325,331
0,342,331
0,318,358
0,358,311
0,1,359
0,359,360
0,361,362
0,363,364
0,365,366
0,367,368
0,367,369
0,369,370
0,370,366
0,371,372
0,372,373
0,371,374
0,374,375
0,376,377
0,368,378
0,378,379
0,379,380
0,381,382
0,381,373
0,382,380
0,383,384
0,383,385
0,386,387
0,387,388
0,384,389
0,389,377
0,390,391
0,391,388
0,390,375
0,392,393
0,392,394
0,392,360
0,392,364
0,395,360
0,362,385
0,385,366
0,377,396
0,396,397
0,397,364
0,1,398
0,398,399
0,399,400
0,400,401
0,402,403
0,402,404
0,405,406
0,407,408
0,409,410
0,404,411
0,404,412
0,404,413
0,404,414
0,414,415
0,411,416
0,417,418
0,417,419
0,419,420
0,420,421
0,421,422
0,423,401
0,423,424
0,425,424
1,426,221
0,426,427
0,427,428
0,429,430
0,431,432
0,432,433
0,433,434
0,435,415
0,436,437
0,438,439
0,439,440
0,441,442
0,442,443
0,444,445
0,446,443
0,447,448
0,447,449
0,450,451
0,452,453
0,453,454
0,455,456
0,457,458
0,413,459
0,459,460
0,460,437
0,461,449
0,461,406
0,462,401
0,462,430
0,422,440
0,463,445
0,463,434
0,464,428
0,464,451
0,465,437
0,465,410
0,449,408
0,454,466
0,445,410
0,428,440
0,408,456
0,415,456
0,406,466
0,466,458
0,443,430
0,458,451
0,424,434
];
